

dla wielomianu st 3
tabela h           lewo           blad          prawo           blad          centr           blad          2poch           blad
         1             27             11              9              7             18              2             18              0
       0.1          16.92           0.92          15.12           0.88          16.02           0.02             18   3.23297e-013
      0.01        16.0902         0.0902        15.9102         0.0898        16.0002         0.0002             18   6.42331e-012
     0.001         16.009       0.009002         15.991       0.008998             16         2e-006             18   2.81307e-009
    0.0001        16.0009     0.00090002        15.9991     0.00089998             16   2.00008e-008             18   6.82412e-008
    1e-005        16.0001   9.00003e-005        15.9999   8.99999e-005             16   2.08555e-010             18   1.48933e-006


dla wielomianu st 4

tabela h           lewo           blad          prawo           blad          centr           blad          2poch           blad
         1             42             22             10             10             26              6             32              2
       0.1         21.561          1.561         18.559          1.441          20.06           0.06          30.02           0.02
      0.01        20.1506       0.150601        19.8506       0.149401        20.0006         0.0006        30.0002         0.0002
     0.001         20.015       0.015006         19.985       0.014994             20         6e-006             30   1.99904e-006
    0.0001        20.0015     0.00150006        19.9985     0.00149994             20   5.99954e-008             30   4.68845e-009
    1e-005        20.0002    0.000150001        19.9999    0.000149999             20   5.92632e-010             30   2.48221e-006


dla wielomianu st 5

tabela h           lewo           blad          prawo           blad          centr           blad          2poch           blad
         1            228            178             16             34            122             72            212             62
       0.1        58.1916         8.1916        43.1296         6.8704        50.6606         0.6606         150.62           0.62
      0.01        50.7566       0.756631        49.2566       0.743431        50.0066     0.00660006        150.006         0.0062
     0.001        50.0751       0.075066        49.9251       0.074934        50.0001       6.6e-005            150   6.19927e-005
    0.0001        50.0075     0.00750066        49.9925     0.00749934             50   6.59997e-007            150   3.31829e-007
    1e-005        50.0008    0.000750007        49.9993    0.000749994             50   6.62287e-009            150   4.79382e-005


dla sin(x)

tabela h           lewo           blad          prawo           blad          centr           blad          2poch           blad
         1      0.0678264       0.472476       0.841471       0.301169       0.454649      0.0856536      -0.773645      0.0678264
       0.1       0.497364      0.0429386       0.581441      0.0411384       0.539402    0.000900054       -0.84077    0.000700992
      0.01       0.536086     0.00421632       0.544501     0.00419831       0.540293   9.00499e-006      -0.841464   7.01224e-006
     0.001       0.539881    0.000420826       0.540723    0.000420645       0.540302   9.00505e-008      -0.841471   7.00826e-008
    0.0001        0.54026   4.20744e-005       0.540344   4.20726e-005       0.540302    9.0043e-010      -0.841471   3.02512e-009
    1e-005       0.540298   4.20736e-006       0.540307   4.20734e-006       0.540302   1.11409e-011      -0.841469    1.8682e-006


dla sinus2x

tabela h           lewo           blad          prawo           blad          centr           blad          2poch           blad
         1        -1.6661       0.833806       0.909297        1.74159      -0.378401       0.453892        -2.5754        1.06179
       0.1       -1.00801       0.175717      -0.645502       0.186792      -0.826756     0.00553754       -3.62508      0.0121078
      0.01      -0.850424      0.0181299      -0.814053      0.0182408      -0.832238   5.54851e-005       -3.63707    0.000121238
     0.001      -0.834112     0.00181804      -0.830475     0.00181915      -0.832293   5.54862e-007       -3.63719   1.21247e-006
    0.0001      -0.832476    0.000181854      -0.832112    0.000181865      -0.832294   5.54839e-009       -3.63719     2.328e-009
    1e-005      -0.832312   1.81859e-005      -0.832275    1.8186e-005      -0.832294   5.77856e-011       -3.63719   8.41442e-007


dla sinus10

tabela h           lewo           blad          prawo           blad          centr           blad          2poch           blad
         1        1.45697        9.84768      -0.544021        7.84669       0.456473        8.84719        2.00099        52.4011
       0.1       -4.55969        3.83102        -9.5614        1.17068       -7.06054        1.33017        50.0171        4.38506
      0.01       -8.10495       0.285761       -8.64852       0.257806       -8.37674      0.0139775        54.3568        0.04532
     0.001       -8.36337      0.0273407       -8.41778       0.027061       -8.39058    0.000139845        54.4017    0.000453348
    0.0001       -8.38799      0.0027215       -8.39343     0.00271871       -8.39071   1.39846e-006        54.4021   4.53599e-006
    1e-005       -8.39044    0.000272025       -8.39099    0.000271997       -8.39072   1.40075e-008        54.4021   1.60501e-006


dla exp(x*0.1)

tabela h           lewo           blad          prawo           blad          centr           blad          2poch           blad
         1       0.116232     0.00571475       0.105171     0.00534617       0.110701    0.000184287      0.0110609   9.21283e-006
       0.1       0.111072    0.000554432       0.109966    0.000550748       0.110519   1.84196e-006      0.0110518   9.20979e-008
      0.01       0.110572    5.5277e-005       0.110462   5.52401e-005       0.110517   1.84195e-008      0.0110517   9.19061e-010
     0.001       0.110523   5.52604e-006       0.110512   5.52567e-006       0.110517   1.84142e-010      0.0110517    1.3631e-010
    0.0001       0.110518   5.52587e-007       0.110517   5.52583e-007       0.110517   1.71901e-012      0.0110517   1.98148e-011
    1e-005       0.110517   5.52567e-008       0.110517   5.52503e-008       0.110517   8.57051e-013      0.0110506     1.139e-006


dla exp(x)

tabela h           lewo           blad          prawo           blad          centr           blad          2poch           blad
         1        4.67077        1.95249        1.71828              1        3.19453       0.476246        2.95249       0.234211
       0.1        2.85884        0.14056        2.58679       0.131495        2.72281     0.00453274        2.72055     0.00226599
      0.01        2.73192      0.0136368        2.70474      0.0135462        2.71833   4.53049e-005         2.7183   2.26524e-005
     0.001        2.71964     0.00135959        2.71692     0.00135869        2.71828   4.53047e-007        2.71828   2.25811e-007
    0.0001        2.71842    0.000135919        2.71815     0.00013591        2.71828   4.53053e-009        2.71828   8.87966e-009
    1e-005         2.7183   1.35915e-005        2.71827   1.35914e-005        2.71828   5.35021e-011        2.71828   3.09595e-006


dla exp(x*10)

tabela h           lewo           blad          prawo           blad          centr           blad          2poch           blad
         1   4.85143e+008   4.84923e+008        22025.5         198239   2.42583e+008   2.42362e+008   4.85121e+008   4.82918e+008
       0.1         378477         158212         139234        81030.8         258855        38590.6   2.39243e+006         189783
      0.01         231654        11389.7         209610        10655.1         220632        367.291   2.20448e+006        1836.15
     0.001         221370           1105         219167        1097.66         220268         3.6711   2.20266e+006        18.3554
    0.0001         220375        110.169         220155        110.096         220265      0.0367107   2.20265e+006       0.183247
    1e-005         220276        11.0136         220254        11.0129         220265    0.000366518   2.20265e+006      0.0219873
